Entering Configuration Mode Successful!
Setting Baudrate Successful!
SYS:HW:READY
SYS:CAN:NM_MODE_AUTO
0x42B:0B 02 80 02 00 00
0x575:10 20 00 80
0x351:01 00 00 00 00 00 00 80
0x635:00 00 00
0x359:5F 01 00 00 00 00 00 00
0x470:00 00 00 00 00
0x42B:0B 01 00 00 00 00
0x527:07 00 00 00 00 00 00 00
0x2C3:10
0x653:40 00 40
0x42B:0B 02 00 00 00 00
0x60E:08 00
0x62F:00 00 00 00
0x65F:00 00 00 00 00 57 56 57
0x35B:07 00 00 00 00 00 00 00
0x2C1:00 00 80 00 00
0x651:80 03 59 AF 29 48
0x351:01 00 00 00 00 00 00 00
0x621:00 E3 2F 00 00
0x551:00
0x655:75 00 60 3F 5C 10 00 00
0x42B:0B 02 80 02 00 00
0x42B:0B 01 00 00 00 00
0x527:00 01 00 00 00 00 00 01
0x65D:D7 2B 7A 04 00 50 3B 00
0x42B:0B 02 00 00 00 00
0x65F:01 5A 5A 5A 31 4B 5A 36
0x3E1:20 00 FF 00 00 00 00 00
0x557:00 00 00 3F 0C 00 00 00
0x42B:0B 02 80 02 00 00
0x42B:0B 01 00 00 00 00
0x42B:0B 02 00 00 00 00
0x65F:02 57 35 33 31 31 33 35
0x571:94 00 00 00 00 00
0x653:81 00 40
0x42B:0B 02 80 02 00 00
0x42B:0B 01 00 00 00 00
0x527:10 01 00 60 7A 00 00 01
0x42B:0B 02 00 00 00 00
0x65F:00 00 00 00 00 57 56 57
0x42B:0B 02 80 02 00 00
0x42B:0B 01 00 00 00 00
0x42B:0B 02 00 00 00 00
0x65F:01 5A 5A 5A 31 4B 5A 36
0x42B:0B 02 80 02 00 00
0x42B:0B 01 00 00 00 00
0x42B:0B 02 00 00 00 00
0x65F:02 57 35 33 31 31 33 35
0x42B:0B 02 80 02 00 00
0x42B:0B 01 00 00 00 00
0x65D:D7 2B 7A 04 00 50 BB 00
0x42B:0B 02 00 00 00 00
0x65F:00 00 00 00 00 57 56 57
0x557:00 00 00 3F 4C 00 00 00
0x42B:0B 02 80 02 00 00
0x42B:0B 01 00 00 00 00
0x42B:0B 02 00 00 00 00
0x65F:01 5A 5A 5A 31 4B 5A 36
0x42B:0B 02 80 02 00 00
0x42B:0B 01 00 00 00 00
0x42B:0B 02 00 00 00 00
0x3E3:00 00 00 00 00 00 00 00
0x65F:02 57 35 33 31 31 33 35
0x42B:0B 02 80 02 00 00
0x42B:0B 01 00 00 00 00
0x42B:0B 02 00 00 00 00
0x65F:00 00 00 00 00 57 56 57
0x42B:0B 02 80 02 00 00
0x42B:0B 01 00 00 00 00
0x42B:0B 02 00 00 00 00
0x65F:01 5A 5A 5A 31 4B 5A 36
0x42B:0B 02 80 02 00 00
0x42B:0B 01 00 00 00 00
0x65D:D7 2B 7A 04 00 50 3B 01
0x42B:0B 02 00 00 00 00
0x65F:02 57 35 33 31 31 33 35
0x42B:0B 02 80 02 00 00
0x42B:0B 01 00 00 00 00
0x42B:0B 02 00 00 00 00
0x65F:00 00 00 00 00 57 56 57
0x42B:0B 02 80 02 00 00
0x42B:0B 01 00 00 00 00
0x42B:0B 02 00 00 00 00
0x65F:01 5A 5A 5A 31 4B 5A 36
0x42B:0B 02 80 02 00 00
0x42B:0B 01 00 00 00 00
0x42B:0B 02 00 00 00 00
0x65F:02 57 35 33 31 31 33 35
0x42B:0B 02 80 02 00 00
0x42B:0B 01 00 00 00 00
0x42B:0B 02 00 00 00 00
0x65F:00 00 00 00 00 57 56 57
0x42B:0B 02 80 02 00 00
0x42B:0B 01 00 00 00 00
0x65D:D7 2B 7A 04 00 50 BB 01
0x42B:0B 02 00 00 00 00
0x65F:01 5A 5A 5A 31 4B 5A 36
0x42B:0B 02 80 02 00 00
0x42B:0B 01 00 00 00 00
0x42B:0B 02 00 00 00 00
0x65F:02 57 35 33 31 31 33 35
0x42B:0B 02 80 02 00 00
0x42B:0B 01 00 00 00 00
0x42B:0B 02 00 00 00 00
0x65F:00 00 00 00 00 57 56 57
0x42B:0B 02 80 02 00 00
0x42B:0B 01 00 00 00 00
0x42B:0B 02 00 00 00 00
0x65F:01 5A 5A 5A 31 4B 5A 36
0x42B:0B 02 80 02 00 00
0x42B:0B 01 00 00 00 00
0x42B:0B 02 00 00 00 00
0x65F:02 57 35 33 31 31 33 35
0x42B:0B 02 80 02 00 00
0x42B:0B 01 00 00 00 00
0x65D:D7 2B 7A 04 00 50 3B 02
0x42B:0B 02 00 00 00 00
0x65F:00 00 00 00 00 57 56 57
0x42B:0B 02 80 02 00 00
0x42B:0B 01 00 00 00 00
0x42B:0B 02 00 00 00 00
0x65F:01 5A 5A 5A 31 4B 5A 36
0x42B:0B 02 80 02 00 00
0x42B:0B 01 00 00 00 00
0x42B:0B 02 00 00 00 00
0x65F:02 57 35 33 31 31 33 35
0x42B:0B 02 80 02 00 00
0x42B:0B 01 00 00 00 00
0x42B:0B 02 00 00 00 00
0x65F:00 00 00 00 00 57 56 57
0x42B:0B 02 80 02 00 00
0x42B:0B 01 00 00 00 00
0x42B:0B 02 00 00 00 00
0x65F:01 5A 5A 5A 31 4B 5A 36
0x42B:0B 01 00 00 00 00
0x65D:D7 2B 7A 04 00 50 BB 02
0x42B:0B 02 00 00 00 00
0x65F:02 57 35 33 31 31 33 35
0x42B:0B 01 00 00 00 00
0x42B:0B 02 00 00 00 00
0x65F:00 00 00 00 00 57 56 57
0x42B:0B 01 00 00 00 00
0x42B:0B 02 00 00 00 00
0x65F:01 5A 5A 5A 31 4B 5A 36
0x42B:0B 01 00 00 00 00
0x42B:0B 02 00 00 00 00
0x65F:02 57 35 33 31 31 33 35
0x651:84 03 59 AF 29 48
0x351:01 00 00 00 00 00 00 80
0x42B:0B 01 00 00 00 00
0x42B:0B 02 00 00 00 00
0x65F:00 00 00 00 00 57 56 57
0x651:80 03 59 AF 29 48
0x351:01 00 00 00 00 00 00 00
0x42B:0B 01 00 00 00 00
0x65D:D7 2B 7A 04 00 50 3B 03
0x42B:0B 02 00 00 00 00
0x65F:01 5A 5A 5A 31 4B 5A 36
0x651:84 03 59 AF 29 48
0x42B:0B 01 00 00 00 00
0x42B:0B 02 00 00 00 00
0x65F:02 57 35 33 31 31 33 35
0x651:80 03 59 AF 29 48
0x42B:0B 01 00 00 00 00
0x42B:0B 02 00 00 00 00
0x65F:00 00 00 00 00 57 56 57
0x42B:0B 01 00 00 00 00
0x42B:0B 02 00 00 00 00
0x65F:01 5A 5A 5A 31 4B 5A 36
0x42B:0B 01 00 00 00 00
0x42B:0B 02 00 00 00 00
0x65F:02 57 35 33 31 31 33 35
0x42B:0B 01 00 00 00 00
0x65D:D7 2B 7A 04 00 50 BB 03
0x42B:0B 02 00 00 00 00
0x65F:00 00 00 00 00 57 56 57
0x42B:0B 01 00 00 00 00
0x42B:0B 02 00 00 00 00
0x65F:01 5A 5A 5A 31 4B 5A 36
0x42B:0B 01 00 00 00 00
0x42B:0B 02 00 00 00 00
0x65F:02 57 35 33 31 31 33 35
0x42B:0B 01 00 00 00 00
0x42B:0B 02 00 00 00 00
0x65F:00 00 00 00 00 57 56 57
0x42B:0B 01 00 00 00 00
0x42B:0B 02 00 00 00 00
0x65F:01 5A 5A 5A 31 4B 5A 36
0x42B:0B 01 00 00 00 00
0x65D:D7 2B 7A 04 00 50 3B 04
0x42B:0B 02 00 00 00 00
0x65F:02 57 35 33 31 31 33 35
0x42B:0B 01 00 00 00 00
0x42B:0B 02 00 00 00 00
0x65F:00 00 00 00 00 57 56 57
0x42B:0B 01 00 00 00 00
0x42B:0B 02 00 00 00 00
0x65F:01 5A 5A 5A 31 4B 5A 36
0x42B:0B 01 00 00 00 00
0x42B:0B 02 00 00 00 00
0x65F:02 57 35 33 31 31 33 35
0x42B:0B 01 00 00 00 00
0x42B:0B 02 00 00 00 00
0x65F:00 00 00 00 00 57 56 57
0x42B:0B 01 00 00 00 00
0x65D:D7 2B 7A 04 00 50 BB 04
0x42B:0B 02 00 00 00 00
0x65F:01 5A 5A 5A 31 4B 5A 36
0x42B:0B 01 00 00 00 00
0x42B:0B 02 00 00 00 00
0x65F:02 57 35 33 31 31 33 35
0x42B:0B 01 00 00 00 00
0x42B:0B 02 00 00 00 00
0x65F:00 00 00 00 00 57 56 57
0x42B:0B 01 00 00 00 00
0x42B:0B 02 00 00 00 00
0x65F:01 5A 5A 5A 31 4B 5A 36
0x42B:0B 01 00 00 00 00
0x42B:0B 02 00 00 00 00
0x65F:02 57 35 33 31 31 33 35
0x42B:0B 01 00 00 00 00
0x65D:D7 2B 7A 04 00 50 3B 05
0x42B:0B 02 00 00 00 00
0x65F:00 00 00 00 00 57 56 57
0x42B:0B 01 00 00 00 00
0x42B:0B 02 00 00 00 00
0x65F:01 5A 5A 5A 31 4B 5A 36
0x42B:0B 01 00 00 00 00
0x42B:0B 02 00 00 00 00
0x65F:02 57 35 33 31 31 33 35
0x42B:0B 01 00 00 00 00
0x42B:0B 02 00 00 00 00
0x65F:00 00 00 00 00 57 56 57
0x42B:0B 01 00 00 00 00
0x42B:0B 02 00 00 00 00
0x65F:01 5A 5A 5A 31 4B 5A 36
0x42B:0B 01 00 00 00 00
0x65D:D7 2B 7A 04 00 50 BB 05
0x42B:0B 02 00 00 00 00
0x65F:02 57 35 33 31 31 33 35
0x42B:0B 01 00 00 00 00
0x42B:0B 02 00 00 00 00
0x65F:00 00 00 00 00 57 56 57
0x42B:0B 01 00 00 00 00
0x42B:0B 02 00 00 00 00
0x65F:01 5A 5A 5A 31 4B 5A 36
0x42B:0B 01 00 00 00 00
0x42B:0B 02 00 00 00 00
0x65F:02 57 35 33 31 31 33 35
0x651:84 03 59 AF 29 48
0x351:01 00 00 00 00 00 00 80
0x42B:0B 01 00 00 00 00
0x42B:0B 02 00 00 00 00
0x65F:00 00 00 00 00 57 56 57
0x42B:0B 01 00 00 00 00
0x65D:D7 2B 7A 04 00 50 3B 06
0x42B:0B 02 00 00 00 00
0x65F:01 5A 5A 5A 31 4B 5A 36
0x557:00 00 00 00 08 00 00 00
0x42B:0B 01 00 00 00 00
0x42B:0B 02 00 00 00 00
0x65F:02 57 35 33 31 31 33 35
0x42B:0B 01 00 00 00 00
SYS:CAN:SLEEP_IND
0x42B:0B 12 00 00 00 00
0x65F:00 00 00 00 00 57 56 57
0x42B:0B 02 00 00 00 00
0x42B:0B 01 00 00 00 00
0x65F:01 5A 5A 5A 31 4B 5A 36
0x42B:0B 02 00 00 00 00
0x42B:0B 01 00 00 00 00
0x65F:02 57 35 33 31 31 33 35
0x42B:0B 02 00 00 00 00
0x42B:0B 01 00 00 00 00
0x65D:D7 2B 7A 04 00 50 BB 06
0x65F:00 00 00 00 00 57 56 57
0x42B:0B 02 00 00 00 00
0x42B:0B 01 00 00 00 00
0x65F:01 5A 5A 5A 31 4B 5A 36
0x42B:0B 02 00 00 00 00
0x65F:02 57 35 33 31 31 33 35
0x65F:00 00 00 00 00 57 56 57
SYS:CAN:SLEEP_IND
0x42B:0B 14 00 00 00 00
0x65F:01 5A 5A 5A 31 4B 5A 36
